
typeCode,freqCode,refPeriodId,refYear,refMonth,period,reporterCode,reporterISO,reporterDesc,flowCode,flowDesc,partnerCode,partnerISO,partnerDesc,partner2Code,partner2ISO,partner2Desc,classificationCode,classificationSearchCode,isOriginalClassification,cmdCode,cmdDesc,aggrLevel,isLeaf,customsCode,customsDesc,mosCode,motCode,motDesc,qtyUnitCode,qtyUnitAbbr,qty,isQtyEstimated,altQtyUnitCode,altQtyUnitAbbr,altQty,isAltQtyEstimated,netWgt,isNetWgtEstimated,grossWgt,isGrossWgtEstimated,cifvalue,fobvalue,primaryValue,legacyEstimationFlag,isReported,isAggregate
C,A,20230101,2023,52,2023,682,SAU,Saudi Arabia,M,Import,0,W00,World,0,W00,World,H6,HS,True,39,Plastics and articles thereof,2,False,C00,TOTAL CPC,0,0,TOTAL MOT,-1,N/A,0,False,-1,N/A,0,False,,False,0,False,4610126830.08,,4610126830.08,0,False,True
C,A,20230101,2023,52,2023,682,SAU,Saudi Arabia,M,Import,0,W00,World,0,W00,World,H6,HS,True,42,"Articles of leather; saddlery and harness; travel goods, handbags and similar containers; articles of animal gut (other than silk-worm gut)",2,False,C00,TOTAL CPC,0,0,TOTAL MOT,-1,N/A,0,False,-1,N/A,0,False,,False,0,False,667031199.058,,667031199.058,0,False,True
C,A,20230101,2023,52,2023,682,SAU,Saudi Arabia,M,Import,0,W00,World,0,W00,World,H6,HS,True,62,Apparel and clothing accessories; not knitted or crocheted,2,False,C00,TOTAL CPC,0,0,TOTAL MOT,-1,N/A,0,False,-1,N/A,0,False,,False,0,False,2333042597.141,,2333042597.141,0,False,True
C,A,20230101,2023,52,2023,682,SAU,Saudi Arabia,M,Import,0,W00,World,0,W00,World,H6,HS,True,83,Metal; miscellaneous products of base metal,2,False,C00,TOTAL CPC,0,0,TOTAL MOT,-1,N/A,0,False,-1,N/A,0,False,,False,0,False,855880750.87,,855880750.87,0,False,True
C,A,20230101,2023,52,2023,682,SAU,Saudi Arabia,M,Import,0,W00,World,0,W00,World,H6,HS,True,86,"Railway, tramway locomotives, rolling-stock and parts thereof; railway or tramway track fixtures and fittings and parts thereof; mechanical (including electro-mechanical) traffic signalling equipment of all kinds",2,False,C00,TOTAL CPC,0,0,TOTAL MOT,-1,N/A,0,False,-1,N/A,0,False,,False,0,False,395442517.314,,395442517.314,0,False,True
C,A,20230101,2023,52,2023,682,SAU,Saudi Arabia,M,Import,0,W00,World,0,W00,World,H6,HS,True,10,Cereals,2,False,C00,TOTAL CPC,0,0,TOTAL MOT,-1,N/A,0,False,-1,N/A,0,False,,False,0,False,4913955006.218,,4913955006.218,0,False,True
C,A,20230101,2023,52,2023,682,SAU,Saudi Arabia,M,Import,0,W00,World,0,W00,World,H6,HS,True,13,"Lac; gums, resins and other vegetable saps and extracts",2,False,C00,TOTAL CPC,0,0,TOTAL MOT,-1,N/A,0,False,-1,N/A,0,False,,False,0,False,59371475.849,,59371475.849,0,False,True
C,A,20230101,2023,52,2023,682,SAU,Saudi Arabia,M,Import,0,W00,World,0,W00,World,H6,HS,True,30,Pharmaceutical products,2,False,C00,TOTAL CPC,0,0,TOTAL MOT,-1,N/A,0,False,-1,N/A,0,False,,False,0,False,7775489724.813,,7775489724.813,0,False,True
C,A,20230101,2023,52,2023,682,SAU,Saudi Arabia,M,Import,0,W00,World,0,W00,World,H6,HS,True,33,"Essential oils and resinoids; perfumery, cosmetic or toilet preparations",2,False,C00,TOTAL CPC,0,0,TOTAL MOT,-1,N/A,0,False,-1,N/A,0,False,,False,0,False,2525853042.72,,2525853042.72,0,False,True
C,A,20230101,2023,52,2023,682,SAU,Saudi Arabia,M,Import,0,W00,World,0,W00,World,H6,HS,True,36,Explosives; pyrotechnic products; matches; pyrophoric alloys; certain combustible preparations,2,False,C00,TOTAL CPC,0,0,TOTAL MOT,-1,N/A,0,False,-1,N/A,0,False,,False,0,False,33860516.487,,33860516.487,0,False,True
C,A,20230101,2023,52,2023,682,SAU,Saudi Arabia,M,Import,0,W00,World,0,W00,World,H6,HS,True,53,Vegetable textile fibres; paper yarn and woven fabrics of paper yarn,2,False,C00,TOTAL CPC,0,0,TOTAL MOT,-1,N/A,0,False,-1,N/A,0,False,,False,0,False,16735188.382,,16735188.382,0,False,True
C,A,20230101,2023,52,2023,682,SAU,Saudi Arabia,M,Import,0,W00,World,0,W00,World,H6,HS,True,56,"Wadding, felt and nonwovens, special yarns; twine, cordage, ropes and cables and articles thereof",2,False,C00,TOTAL CPC,0,0,TOTAL MOT,-1,N/A,0,False,-1,N/A,0,False,,False,0,False,171292519.718,,171292519.718,0,False,True
C,A,20230101,2023,52,2023,682,SAU,Saudi Arabia,M,Import,0,W00,World,0,W00,World,H6,HS,True,70,Glass and glassware,2,False,C00,TOTAL CPC,0,0,TOTAL MOT,-1,N/A,0,False,-1,N/A,0,False,,False,0,False,665898933.219,,665898933.219,0,False,True
C,A,20230101,2023,52,2023,682,SAU,Saudi Arabia,M,Import,0,W00,World,0,W00,World,H6,HS,True,73,Iron or steel articles,2,False,C00,TOTAL CPC,0,0,TOTAL MOT,-1,N/A,0,False,-1,N/A,0,False,,False,0,False,5765726896.923,,5765726896.923,0,False,True
C,A,20230101,2023,52,2023,682,SAU,Saudi Arabia,M,Import,0,W00,World,0,W00,World,H6,HS,True,76,Aluminium and articles thereof,2,False,C00,TOTAL CPC,0,0,TOTAL MOT,-1,N/A,0,False,-1,N/A,0,False,,False,0,False,1870314128.709,,1870314128.709,0,False,True
C,A,20230101,2023,52,2023,682,SAU,Saudi Arabia,M,Import,0,W00,World,0,W00,World,H6,HS,True,94,"Furniture; bedding, mattresses, mattress supports, cushions and similar stuffed furnishings; lamps and lighting fittings, n.e.c.; illuminated signs, illuminated name-plates and the like; prefabricated buildings",2,False,C00,TOTAL CPC,0,0,TOTAL MOT,-1,N/A,0,False,-1,N/A,0,False,,False,0,False,3303578158.744,,3303578158.744,0,False,True
C,A,20230101,2023,52,2023,682,SAU,Saudi Arabia,M,Import,0,W00,World,0,W00,World,H6,HS,True,97,Works of art; collectors' pieces and antiques,2,False,C00,TOTAL CPC,0,0,TOTAL MOT,-1,N/A,0,False,-1,N/A,0,False,,False,0,False,385433321.564,,385433321.564,0,False,True
C,A,20230101,2023,52,2023,682,SAU,Saudi Arabia,M,Import,0,W00,World,0,W00,World,H6,HS,True,05,Animal originated products; not elsewhere specified or included,2,False,C00,TOTAL CPC,0,0,TOTAL MOT,-1,N/A,0,False,-1,N/A,0,False,,False,0,False,9618893.093,,9618893.093,0,False,True
C,A,20230101,2023,52,2023,682,SAU,Saudi Arabia,M,Import,0,W00,World,0,W00,World,H6,HS,True,08,"Fruit and nuts, edible; peel of citrus fruit or melons",2,False,C00,TOTAL CPC,0,0,TOTAL MOT,-1,N/A,0,False,-1,N/A,0,False,,False,0,False,1757320312.6,,1757320312.6,0,False,True
C,A,20230101,2023,52,2023,682,SAU,Saudi Arabia,M,Import,0,W00,World,0,W00,World,H6,HS,True,12,"Oil seeds and oleaginous fruits; miscellaneous grains, seeds and fruit, industrial or medicinal plants; straw and fodder",2,False,C00,TOTAL CPC,0,0,TOTAL MOT,-1,N/A,0,False,-1,N/A,0,False,,False,0,False,1281705731.424,,1281705731.424,0,False,True
C,A,20230101,2023,52,2023,682,SAU,Saudi Arabia,M,Import,0,W00,World,0,W00,World,H6,HS,True,25,"Salt; sulphur; earths, stone; plastering materials, lime and cement",2,False,C00,TOTAL CPC,0,0,TOTAL MOT,-1,N/A,0,False,-1,N/A,0,False,,False,0,False,456901881.377,,456901881.377,0,False,True
C,A,20230101,2023,52,2023,682,SAU,Saudi Arabia,M,Import,0,W00,World,0,W00,World,H6,HS,True,26,"Ores, slag and ash",2,False,C00,TOTAL CPC,0,0,TOTAL MOT,-1,N/A,0,False,-1,N/A,0,False,,False,0,False,708457024.689,,708457024.689,0,False,True
C,A,20230101,2023,52,2023,682,SAU,Saudi Arabia,M,Import,0,W00,World,0,W00,World,H6,HS,True,28,"Inorganic chemicals; organic and inorganic compounds of precious metals; of rare earth metals, of radio-active elements and of isotopes",2,False,C00,TOTAL CPC,0,0,TOTAL MOT,-1,N/A,0,False,-1,N/A,0,False,,False,0,False,1366913854.094,,1366913854.094,0,False,True
C,A,20230101,2023,52,2023,682,SAU,Saudi Arabia,M,Import,0,W00,World,0,W00,World,H6,HS,True,29,Organic chemicals,2,False,C00,TOTAL CPC,0,0,TOTAL MOT,-1,N/A,0,False,-1,N/A,0,False,,False,0,False,2508260272.76,,2508260272.76,0,False,True
C,A,20230101,2023,52,2023,682,SAU,Saudi Arabia,M,Import,0,W00,World,0,W00,World,H6,HS,True,31,Fertilizers,2,False,C00,TOTAL CPC,0,0,TOTAL MOT,-1,N/A,0,False,-1,N/A,0,False,,False,0,False,196867737.478,,196867737.478,0,False,True
C,A,20230101,2023,52,2023,682,SAU,Saudi Arabia,M,Import,0,W00,World,0,W00,World,H6,HS,True,32,"Tanning or dyeing extracts; tannins and their derivatives; dyes, pigments and other colouring matter; paints, varnishes; putty, other mastics; inks",2,False,C00,TOTAL CPC,0,0,TOTAL MOT,-1,N/A,0,False,-1,N/A,0,False,,False,0,False,772011433.233,,772011433.233,0,False,True
C,A,20230101,2023,52,2023,682,SAU,Saudi Arabia,M,Import,0,W00,World,0,W00,World,H6,HS,True,34,"Soap, organic surface-active agents; washing, lubricating, polishing or scouring preparations; artificial or prepared waxes, candles and similar articles, modelling pastes, dental waxes and dental preparations with a basis of plaster",2,False,C00,TOTAL CPC,0,0,TOTAL MOT,-1,N/A,0,False,-1,N/A,0,False,,False,0,False,786861340.862,,786861340.862,0,False,True
C,A,20230101,2023,52,2023,682,SAU,Saudi Arabia,M,Import,0,W00,World,0,W00,World,H6,HS,True,37,Photographic or cinematographic goods,2,False,C00,TOTAL CPC,0,0,TOTAL MOT,-1,N/A,0,False,-1,N/A,0,False,,False,0,False,27095279.589,,27095279.589,0,False,True
C,A,20230101,2023,52,2023,682,SAU,Saudi Arabia,M,Import,0,W00,World,0,W00,World,H6,HS,True,40,Rubber and articles thereof,2,False,C00,TOTAL CPC,0,0,TOTAL MOT,-1,N/A,0,False,-1,N/A,0,False,,False,0,False,2468826283.613,,2468826283.613,0,False,True
C,A,20230101,2023,52,2023,682,SAU,Saudi Arabia,M,Import,0,W00,World,0,W00,World,H6,HS,True,43,Furskins and artificial fur; manufactures thereof,2,False,C00,TOTAL CPC,0,0,TOTAL MOT,-1,N/A,0,False,-1,N/A,0,False,,False,0,False,5433830.531,,5433830.531,0,False,True
C,A,20230101,2023,52,2023,682,SAU,Saudi Arabia,M,Import,0,W00,World,0,W00,World,H6,HS,True,45,Cork and articles of cork,2,False,C00,TOTAL CPC,0,0,TOTAL MOT,-1,N/A,0,False,-1,N/A,0,False,,False,0,False,231040024.357,,231040024.357,0,False,True
C,A,20230101,2023,52,2023,682,SAU,Saudi Arabia,M,Import,0,W00,World,0,W00,World,H6,HS,True,49,"Printed books, newspapers, pictures and other products of the printing industry; manuscripts, typescripts and plans",2,False,C00,TOTAL CPC,0,0,TOTAL MOT,-1,N/A,0,False,-1,N/A,0,False,,False,0,False,198800409.963,,198800409.963,0,False,True
C,A,20230101,2023,52,2023,682,SAU,Saudi Arabia,M,Import,0,W00,World,0,W00,World,H6,HS,True,52,Cotton,2,False,C00,TOTAL CPC,0,0,TOTAL MOT,-1,N/A,0,False,-1,N/A,0,False,,False,0,False,39303770.751,,39303770.751,0,False,True
C,A,20230101,2023,52,2023,682,SAU,Saudi Arabia,M,Import,0,W00,World,0,W00,World,H6,HS,True,57,Carpets and other textile floor coverings,2,False,C00,TOTAL CPC,0,0,TOTAL MOT,-1,N/A,0,False,-1,N/A,0,False,,False,0,False,493754463.389,,493754463.389,0,False,True
C,A,20230101,2023,52,2023,682,SAU,Saudi Arabia,M,Import,0,W00,World,0,W00,World,H6,HS,True,60,Fabrics; knitted or crocheted,2,False,C00,TOTAL CPC,0,0,TOTAL MOT,-1,N/A,0,False,-1,N/A,0,False,,False,0,False,104071328.065,,104071328.065,0,False,True
C,A,20230101,2023,52,2023,682,SAU,Saudi Arabia,M,Import,0,W00,World,0,W00,World,H6,HS,True,63,"Textiles, made up articles; sets; worn clothing and worn textile articles; rags",2,False,C00,TOTAL CPC,0,0,TOTAL MOT,-1,N/A,0,False,-1,N/A,0,False,,False,0,False,385848877.554,,385848877.554,0,False,True
C,A,20230101,2023,52,2023,682,SAU,Saudi Arabia,M,Import,0,W00,World,0,W00,World,H6,HS,True,65,Headgear and parts thereof,2,False,C00,TOTAL CPC,0,0,TOTAL MOT,-1,N/A,0,False,-1,N/A,0,False,,False,0,False,132853008.412,,132853008.412,0,False,True
C,A,20230101,2023,52,2023,682,SAU,Saudi Arabia,M,Import,0,W00,World,0,W00,World,H6,HS,True,66,"Umbrellas, sun umbrellas, walking-sticks, seat sticks, whips, riding crops; and parts thereof",2,False,C00,TOTAL CPC,0,0,TOTAL MOT,-1,N/A,0,False,-1,N/A,0,False,,False,0,False,13351062.6,,13351062.6,0,False,True
C,A,20230101,2023,52,2023,682,SAU,Saudi Arabia,M,Import,0,W00,World,0,W00,World,H6,HS,True,68,"Stone, plaster, cement, asbestos, mica or similar materials; articles thereof",2,False,C00,TOTAL CPC,0,0,TOTAL MOT,-1,N/A,0,False,-1,N/A,0,False,,False,0,False,609064723.44,,609064723.44,0,False,True
C,A,20230101,2023,52,2023,682,SAU,Saudi Arabia,M,Import,0,W00,World,0,W00,World,H6,HS,True,69,Ceramic products,2,False,C00,TOTAL CPC,0,0,TOTAL MOT,-1,N/A,0,False,-1,N/A,0,False,,False,0,False,734088269.648,,734088269.648,0,False,True
C,A,20230101,2023,52,2023,682,SAU,Saudi Arabia,M,Import,0,W00,World,0,W00,World,H6,HS,True,71,"Natural, cultured pearls; precious, semi-precious stones; precious metals, metals clad with precious metal, and articles thereof; imitation jewellery; coin",2,False,C00,TOTAL CPC,0,0,TOTAL MOT,-1,N/A,0,False,-1,N/A,0,False,,False,0,False,8970050215.482,,8970050215.482,0,False,True
C,A,20230101,2023,52,2023,682,SAU,Saudi Arabia,M,Import,0,W00,World,0,W00,World,H6,HS,True,72,Iron and steel,2,False,C00,TOTAL CPC,0,0,TOTAL MOT,-1,N/A,0,False,-1,N/A,0,False,,False,0,False,5454007813.783,,5454007813.783,0,False,True
C,A,20230101,2023,52,2023,682,SAU,Saudi Arabia,M,Import,0,W00,World,0,W00,World,H6,HS,True,74,Copper and articles thereof,2,False,C00,TOTAL CPC,0,0,TOTAL MOT,-1,N/A,0,False,-1,N/A,0,False,,False,0,False,3082503312.004,,3082503312.004,0,False,True
C,A,20230101,2023,52,2023,682,SAU,Saudi Arabia,M,Import,0,W00,World,0,W00,World,H6,HS,True,75,Nickel and articles thereof,2,False,C00,TOTAL CPC,0,0,TOTAL MOT,-1,N/A,0,False,-1,N/A,0,False,,False,0,False,162070892.215,,162070892.215,0,False,True
C,A,20230101,2023,52,2023,682,SAU,Saudi Arabia,M,Import,0,W00,World,0,W00,World,H6,HS,True,78,Lead and articles thereof,2,False,C00,TOTAL CPC,0,0,TOTAL MOT,-1,N/A,0,False,-1,N/A,0,False,,False,0,False,7496030.479,,7496030.479,0,False,True
C,A,20230101,2023,52,2023,682,SAU,Saudi Arabia,M,Import,0,W00,World,0,W00,World,H6,HS,True,81,"Metals; n.e.c., cermets and articles thereof",2,False,C00,TOTAL CPC,0,0,TOTAL MOT,-1,N/A,0,False,-1,N/A,0,False,,False,0,False,57548451.628,,57548451.628,0,False,True
C,A,20230101,2023,52,2023,682,SAU,Saudi Arabia,M,Import,0,W00,World,0,W00,World,H6,HS,True,84,"Machinery and mechanical appliances, boilers, nuclear reactors; parts thereof",2,False,C00,TOTAL CPC,0,0,TOTAL MOT,-1,N/A,0,False,-1,N/A,0,False,,False,0,False,26176183807.995,,26176183807.995,0,False,True
C,A,20230101,2023,52,2023,682,SAU,Saudi Arabia,M,Import,0,W00,World,0,W00,World,H6,HS,True,87,"Vehicles; other than railway or tramway rolling stock, and parts and accessories thereof",2,False,C00,TOTAL CPC,0,0,TOTAL MOT,-1,N/A,0,False,-1,N/A,0,False,,False,0,False,25428194824.028,,25428194824.028,0,False,True
C,A,20230101,2023,52,2023,682,SAU,Saudi Arabia,M,Import,0,W00,World,0,W00,World,H6,HS,True,89,"Ships, boats and floating structures",2,False,C00,TOTAL CPC,0,0,TOTAL MOT,-1,N/A,0,False,-1,N/A,0,False,,False,0,False,2751167306.954,,2751167306.954,0,False,True
C,A,20230101,2023,52,2023,682,SAU,Saudi Arabia,M,Import,0,W00,World,0,W00,World,H6,HS,True,90,"Optical, photographic, cinematographic, measuring, checking, medical or surgical instruments and apparatus; parts and accessories",2,False,C00,TOTAL CPC,0,0,TOTAL MOT,-1,N/A,0,False,-1,N/A,0,False,,False,0,False,5513266027.768,,5513266027.768,0,False,True
C,A,20230101,2023,52,2023,682,SAU,Saudi Arabia,M,Import,0,W00,World,0,W00,World,H6,HS,True,92,Musical instruments; parts and accessories of such articles,2,False,C00,TOTAL CPC,0,0,TOTAL MOT,-1,N/A,0,False,-1,N/A,0,False,,False,0,False,9332774.967,,9332774.967,0,False,True
C,A,20230101,2023,52,2023,682,SAU,Saudi Arabia,M,Import,0,W00,World,0,W00,World,H6,HS,True,95,"Toys, games and sports requisites; parts and accessories thereof",2,False,C00,TOTAL CPC,0,0,TOTAL MOT,-1,N/A,0,False,-1,N/A,0,False,,False,0,False,1261712225.257,,1261712225.257,0,False,True
C,A,20230101,2023,52,2023,682,SAU,Saudi Arabia,M,Import,0,W00,World,0,W00,World,H6,HS,True,96,Miscellaneous manufactured articles,2,False,C00,TOTAL CPC,0,0,TOTAL MOT,-1,N/A,0,False,-1,N/A,0,False,,False,0,False,655492276.413,,655492276.413,0,False,True
C,A,20230101,2023,52,2023,682,SAU,Saudi Arabia,M,Import,0,W00,World,0,W00,World,H6,HS,True,15,"Animal, vegetable or microbial fats and oils and their cleavage products; prepared edible fats; animal or vegetable waxes",2,False,C00,TOTAL CPC,0,0,TOTAL MOT,-1,N/A,0,False,-1,N/A,0,False,,False,0,False,1488278760.126,,1488278760.126,0,False,True
C,A,20230101,2023,52,2023,682,SAU,Saudi Arabia,M,Import,0,W00,World,0,W00,World,H6,HS,True,35,Albuminoidal substances; modified starches; glues; enzymes,2,False,C00,TOTAL CPC,0,0,TOTAL MOT,-1,N/A,0,False,-1,N/A,0,False,,False,0,False,240157937.996,,240157937.996,0,False,True
C,A,20230101,2023,52,2023,682,SAU,Saudi Arabia,M,Import,0,W00,World,0,W00,World,H6,HS,True,55,Man-made staple fibres,2,False,C00,TOTAL CPC,0,0,TOTAL MOT,-1,N/A,0,False,-1,N/A,0,False,,False,0,False,298704716.799,,298704716.799,0,False,True
C,A,20230101,2023,52,2023,682,SAU,Saudi Arabia,M,Import,0,W00,World,0,W00,World,H6,HS,True,58,"Fabrics; special woven fabrics, tufted textile fabrics, lace, tapestries, trimmings, embroidery",2,False,C00,TOTAL CPC,0,0,TOTAL MOT,-1,N/A,0,False,-1,N/A,0,False,,False,0,False,40928498.177,,40928498.177,0,False,True
C,A,20230101,2023,52,2023,682,SAU,Saudi Arabia,M,Import,0,W00,World,0,W00,World,H6,HS,True,61,Apparel and clothing accessories; knitted or crocheted,2,False,C00,TOTAL CPC,0,0,TOTAL MOT,-1,N/A,0,False,-1,N/A,0,False,,False,0,False,1931498195.446,,1931498195.446,0,False,True
C,A,20230101,2023,52,2023,682,SAU,Saudi Arabia,M,Import,0,W00,World,0,W00,World,H6,HS,True,82,"Tools, implements, cutlery, spoons and forks, of base metal; parts thereof, of base metal",2,False,C00,TOTAL CPC,0,0,TOTAL MOT,-1,N/A,0,False,-1,N/A,0,False,,False,0,False,848200818.795,,848200818.795,0,False,True
C,A,20230101,2023,52,2023,682,SAU,Saudi Arabia,M,Import,0,W00,World,0,W00,World,H6,HS,True,01,Animals; live,2,False,C00,TOTAL CPC,0,0,TOTAL MOT,-1,N/A,0,False,-1,N/A,0,False,,False,0,False,1409939441.018,,1409939441.018,0,False,True
C,A,20230101,2023,52,2023,682,SAU,Saudi Arabia,M,Import,0,W00,World,0,W00,World,H6,HS,True,21,Miscellaneous edible preparations,2,False,C00,TOTAL CPC,0,0,TOTAL MOT,-1,N/A,0,False,-1,N/A,0,False,,False,0,False,1908073361.098,,1908073361.098,0,False,True
C,A,20230101,2023,52,2023,682,SAU,Saudi Arabia,M,Import,0,W00,World,0,W00,World,H6,HS,True,44,Wood and articles of wood; wood charcoal,2,False,C00,TOTAL CPC,0,0,TOTAL MOT,-1,N/A,0,False,-1,N/A,0,False,,False,0,False,1479055088.09,,1479055088.09,0,False,True
C,A,20230101,2023,52,2023,682,SAU,Saudi Arabia,M,Import,0,W00,World,0,W00,World,H6,HS,True,67,"Feathers and down, prepared; and articles made of feather or of down; artificial flowers; articles of human hair",2,False,C00,TOTAL CPC,0,0,TOTAL MOT,-1,N/A,0,False,-1,N/A,0,False,,False,0,False,53181507.204,,53181507.204,0,False,True
C,A,20230101,2023,52,2023,682,SAU,Saudi Arabia,M,Import,0,W00,World,0,W00,World,H6,HS,True,85,"Electrical machinery and equipment and parts thereof; sound recorders and reproducers; television image and sound recorders and reproducers, parts and accessories of such articles",2,False,C00,TOTAL CPC,0,0,TOTAL MOT,-1,N/A,0,False,-1,N/A,0,False,,False,0,False,19668521321.354,,19668521321.354,0,False,True
C,A,20230101,2023,52,2023,682,SAU,Saudi Arabia,M,Import,0,W00,World,0,W00,World,H6,HS,True,88,"Aircraft, spacecraft, and parts thereof",2,False,C00,TOTAL CPC,0,0,TOTAL MOT,-1,N/A,0,False,-1,N/A,0,False,,False,0,False,1777750400.89,,1777750400.89,0,False,True
C,A,20230101,2023,52,2023,682,SAU,Saudi Arabia,M,Import,0,W00,World,0,W00,World,H6,HS,True,91,Clocks and watches and parts thereof,2,False,C00,TOTAL CPC,0,0,TOTAL MOT,-1,N/A,0,False,-1,N/A,0,False,,False,0,False,645026759.608,,645026759.608,0,False,True
C,A,20230101,2023,52,2023,682,SAU,Saudi Arabia,M,Import,0,W00,World,0,W00,World,H6,HS,True,99,Commodities not specified according to kind,2,False,C00,TOTAL CPC,0,0,TOTAL MOT,-1,N/A,0,False,-1,N/A,0,False,0,False,0,False,6703413054.015,,6703413054.015,0,False,True
C,A,20230101,2023,52,2023,682,SAU,Saudi Arabia,M,Import,0,W00,World,0,W00,World,H6,HS,True,02,Meat and edible meat offal,2,False,C00,TOTAL CPC,0,0,TOTAL MOT,-1,N/A,0,False,-1,N/A,0,False,0,True,0,False,2292082286.698,,2292082286.698,4,False,True
C,A,20230101,2023,52,2023,682,SAU,Saudi Arabia,M,Import,0,W00,World,0,W00,World,H6,HS,True,16,"Meat, fish, crustaceans, molluscs or other aquatic invertebrates, or insects; preparations thereof",2,False,C00,TOTAL CPC,0,0,TOTAL MOT,-1,N/A,0,False,-1,N/A,0,False,0,True,0,False,582864743.828,,582864743.828,4,False,True
C,A,20230101,2023,52,2023,682,SAU,Saudi Arabia,M,Import,0,W00,World,0,W00,World,H6,HS,True,19,"Preparations of cereals, flour, starch or milk; pastrycooks' products",2,False,C00,TOTAL CPC,0,0,TOTAL MOT,-1,N/A,0,False,-1,N/A,0,False,0,True,0,False,1892645532.951,,1892645532.951,4,False,True
C,A,20230101,2023,52,2023,682,SAU,Saudi Arabia,M,Import,0,W00,World,0,W00,World,H6,HS,True,22,"Beverages, spirits and vinegar",2,False,C00,TOTAL CPC,0,0,TOTAL MOT,-1,N/A,0,False,-1,N/A,0,False,0,True,0,False,214224345.311,,214224345.311,4,False,True
C,A,20230101,2023,52,2023,682,SAU,Saudi Arabia,M,Import,0,W00,World,0,W00,World,H6,HS,True,59,"Textile fabrics; impregnated, coated, covered or laminated; textile articles of a kind suitable for industrial use",2,False,C00,TOTAL CPC,0,0,TOTAL MOT,-1,N/A,0,False,-1,N/A,0,False,0,True,0,False,84304929.626,,84304929.626,4,False,True
C,A,20230101,2023,52,2023,682,SAU,Saudi Arabia,M,Import,0,W00,World,0,W00,World,H6,HS,True,80,Tin; articles thereof,2,False,C00,TOTAL CPC,0,0,TOTAL MOT,-1,N/A,0,False,-1,N/A,0,False,0,True,0,False,13009186.875,,13009186.875,4,False,True
C,A,20230101,2023,52,2023,682,SAU,Saudi Arabia,M,Import,0,W00,World,0,W00,World,H6,HS,True,50,Silk,2,False,C00,TOTAL CPC,0,0,TOTAL MOT,-1,N/A,0,False,-1,N/A,0,False,0,True,0,False,4651184.417,,4651184.417,4,False,True
C,A,20230101,2023,52,2023,682,SAU,Saudi Arabia,M,Import,0,W00,World,0,W00,World,H6,HS,True,03,"Fish and crustaceans, molluscs and other aquatic invertebrates",2,False,C00,TOTAL CPC,0,0,TOTAL MOT,-1,N/A,0,False,-1,N/A,0,False,0,True,0,False,389356267.866,,389356267.866,4,False,True
C,A,20230101,2023,52,2023,682,SAU,Saudi Arabia,M,Import,0,W00,World,0,W00,World,H6,HS,True,06,"Trees and other plants, live; bulbs, roots and the like; cut flowers and ornamental foliage",2,False,C00,TOTAL CPC,0,0,TOTAL MOT,-1,N/A,0,False,-1,N/A,0,False,0,True,0,False,167252484.885,,167252484.885,4,False,True
C,A,20230101,2023,52,2023,682,SAU,Saudi Arabia,M,Import,0,W00,World,0,W00,World,H6,HS,True,09,"Coffee, tea, mate and spices",2,False,C00,TOTAL CPC,0,0,TOTAL MOT,-1,N/A,0,False,-1,N/A,0,False,0,True,0,False,1289166033.638,,1289166033.638,4,False,True
C,A,20230101,2023,52,2023,682,SAU,Saudi Arabia,M,Import,0,W00,World,0,W00,World,H6,HS,True,11,"Products of the milling industry; malt, starches, inulin, wheat gluten",2,False,C00,TOTAL CPC,0,0,TOTAL MOT,-1,N/A,0,False,-1,N/A,0,False,0,True,0,False,254507587.237,,254507587.237,4,False,True
C,A,20230101,2023,52,2023,682,SAU,Saudi Arabia,M,Import,0,W00,World,0,W00,World,H6,HS,True,14,Vegetable plaiting materials; vegetable products not elsewhere specified or included,2,False,C00,TOTAL CPC,0,0,TOTAL MOT,-1,N/A,0,False,-1,N/A,0,False,0,True,0,False,23308370.884,,23308370.884,4,False,True
C,A,20230101,2023,52,2023,682,SAU,Saudi Arabia,M,Import,0,W00,World,0,W00,World,H6,HS,True,17,Sugars and sugar confectionery,2,False,C00,TOTAL CPC,0,0,TOTAL MOT,-1,N/A,0,False,-1,N/A,0,False,0,True,0,False,1341783182.722,,1341783182.722,4,False,True
C,A,20230101,2023,52,2023,682,SAU,Saudi Arabia,M,Import,0,W00,World,0,W00,World,H6,HS,True,20,"Preparations of vegetables, fruit, nuts or other parts of plants",2,False,C00,TOTAL CPC,0,0,TOTAL MOT,-1,N/A,0,False,-1,N/A,0,False,0,True,0,False,1418620008.001,,1418620008.001,4,False,True
C,A,20230101,2023,52,2023,682,SAU,Saudi Arabia,M,Import,0,W00,World,0,W00,World,H6,HS,True,23,"Food industries, residues and wastes thereof; prepared animal fodder",2,False,C00,TOTAL CPC,0,0,TOTAL MOT,-1,N/A,0,False,-1,N/A,0,False,0,True,0,False,1054087012.848,,1054087012.848,4,False,True
C,A,20230101,2023,52,2023,682,SAU,Saudi Arabia,M,Import,0,W00,World,0,W00,World,H6,HS,True,46,"Manufactures of straw, esparto or other plaiting materials; basketware and wickerwork",2,False,C00,TOTAL CPC,0,0,TOTAL MOT,-1,N/A,0,False,-1,N/A,0,False,0,True,0,False,40012388.333,,40012388.333,4,False,True
C,A,20230101,2023,52,2023,682,SAU,Saudi Arabia,M,Import,0,W00,World,0,W00,World,H6,HS,True,48,"Paper and paperboard; articles of paper pulp, of paper or paperboard",2,False,C00,TOTAL CPC,0,0,TOTAL MOT,-1,N/A,0,False,-1,N/A,0,False,0,True,0,False,1819490987.846,,1819490987.846,4,False,True
C,A,20230101,2023,52,2023,682,SAU,Saudi Arabia,M,Import,0,W00,World,0,W00,World,H6,HS,True,51,"Wool, fine or coarse animal hair; horsehair yarn and woven fabric",2,False,C00,TOTAL CPC,0,0,TOTAL MOT,-1,N/A,0,False,-1,N/A,0,False,0,True,0,False,14301816.442,,14301816.442,4,False,True
C,A,20230101,2023,52,2023,682,SAU,Saudi Arabia,M,Import,0,W00,World,0,W00,World,H6,HS,True,54,Man-made filaments; strip and the like of man-made textile materials,2,False,C00,TOTAL CPC,0,0,TOTAL MOT,-1,N/A,0,False,-1,N/A,0,False,0,True,0,False,480859275.179,,480859275.179,4,False,True
C,A,20230101,2023,52,2023,682,SAU,Saudi Arabia,M,Import,0,W00,World,0,W00,World,H6,HS,True,18,Cocoa and cocoa preparations,2,False,C00,TOTAL CPC,0,0,TOTAL MOT,-1,N/A,0,False,-1,N/A,0,False,0,True,0,False,569082773.24,,569082773.24,4,False,True
C,A,20230101,2023,52,2023,682,SAU,Saudi Arabia,M,Import,0,W00,World,0,W00,World,H6,HS,True,38,Chemical products n.e.c.,2,False,C00,TOTAL CPC,0,0,TOTAL MOT,-1,N/A,0,False,-1,N/A,0,False,0,True,0,False,2713251783.902,,2713251783.902,4,False,True
C,A,20230101,2023,52,2023,682,SAU,Saudi Arabia,M,Import,0,W00,World,0,W00,World,H6,HS,True,41,Raw hides and skins (other than furskins) and leather,2,False,C00,TOTAL CPC,0,0,TOTAL MOT,-1,N/A,0,False,-1,N/A,0,False,0,True,0,False,1426238.631,,1426238.631,4,False,True
C,A,20230101,2023,52,2023,682,SAU,Saudi Arabia,M,Import,0,W00,World,0,W00,World,H6,HS,True,79,Zinc and articles thereof,2,False,C00,TOTAL CPC,0,0,TOTAL MOT,-1,N/A,0,False,-1,N/A,0,False,0,True,0,False,289506007.696,,289506007.696,4,False,True
C,A,20230101,2023,52,2023,682,SAU,Saudi Arabia,M,Import,0,W00,World,0,W00,World,H6,HS,True,04,"Dairy produce; birds' eggs; natural honey; edible products of animal origin, not elsewhere specified or included",2,False,C00,TOTAL CPC,0,0,TOTAL MOT,-1,N/A,0,False,-1,N/A,0,False,0,True,0,False,2541066618.073,,2541066618.073,4,False,True
C,A,20230101,2023,52,2023,682,SAU,Saudi Arabia,M,Import,0,W00,World,0,W00,World,H6,HS,True,07,Vegetables and certain roots and tubers; edible,2,False,C00,TOTAL CPC,0,0,TOTAL MOT,-1,N/A,0,False,-1,N/A,0,False,0,True,0,False,720035933.999,,720035933.999,4,False,True
C,A,20230101,2023,52,2023,682,SAU,Saudi Arabia,M,Import,0,W00,World,0,W00,World,H6,HS,True,24,"Tobacco and manufactured tobacco substitutes; products, whether or not containing nicotine, intended for inhalation without combustion; other nicotine containing products intended for the intake of nicotine into the human body",2,False,C00,TOTAL CPC,0,0,TOTAL MOT,-1,N/A,0,False,-1,N/A,0,False,0,True,0,False,602637752.934,,602637752.934,4,False,True
C,A,20230101,2023,52,2023,682,SAU,Saudi Arabia,M,Import,0,W00,World,0,W00,World,H6,HS,True,27,"Mineral fuels, mineral oils and products of their distillation; bituminous substances; mineral waxes",2,False,C00,TOTAL CPC,0,0,TOTAL MOT,-1,N/A,0,False,-1,N/A,0,False,0,True,0,False,15255838341.271,,15255838341.271,4,False,True
C,A,20230101,2023,52,2023,682,SAU,Saudi Arabia,M,Import,0,W00,World,0,W00,World,H6,HS,True,47,Pulp of wood or other fibrous cellulosic material; recovered (waste and scrap) paper or paperboard,2,False,C00,TOTAL CPC,0,0,TOTAL MOT,-1,N/A,0,False,-1,N/A,0,False,0,True,0,False,157049072.074,,157049072.074,4,False,True
C,A,20230101,2023,52,2023,682,SAU,Saudi Arabia,M,Import,0,W00,World,0,W00,World,H6,HS,True,64,Footwear; gaiters and the like; parts of such articles,2,False,C00,TOTAL CPC,0,0,TOTAL MOT,-1,N/A,0,False,-1,N/A,0,False,0,True,0,False,1054136517.38,,1054136517.38,4,False,True
C,A,20230101,2023,52,2023,682,SAU,Saudi Arabia,X,Export,0,W00,World,0,W00,World,H6,HS,True,04,"Dairy produce; birds' eggs; natural honey; edible products of animal origin, not elsewhere specified or included",2,False,C00,TOTAL CPC,0,0,TOTAL MOT,-1,N/A,0,False,-1,N/A,0,False,0,True,0,False,,1227709909.841,1227709909.841,4,False,True
C,A,20230101,2023,52,2023,682,SAU,Saudi Arabia,X,Export,0,W00,World,0,W00,World,H6,HS,True,21,Miscellaneous edible preparations,2,False,C00,TOTAL CPC,0,0,TOTAL MOT,-1,N/A,0,False,-1,N/A,0,False,0,True,0,False,,121519870.562,121519870.562,4,False,True
C,A,20230101,2023,52,2023,682,SAU,Saudi Arabia,X,Export,0,W00,World,0,W00,World,H6,HS,True,24,"Tobacco and manufactured tobacco substitutes; products, whether or not containing nicotine, intended for inhalation without combustion; other nicotine containing products intended for the intake of nicotine into the human body",2,False,C00,TOTAL CPC,0,0,TOTAL MOT,-1,N/A,0,False,-1,N/A,0,False,0,True,0,False,,8575152.319,8575152.319,4,False,True
C,A,20230101,2023,52,2023,682,SAU,Saudi Arabia,X,Export,0,W00,World,0,W00,World,H6,HS,True,27,"Mineral fuels, mineral oils and products of their distillation; bituminous substances; mineral waxes",2,False,C00,TOTAL CPC,0,0,TOTAL MOT,-1,N/A,0,False,-1,N/A,0,False,0,True,0,False,,246467131333.464,246467131333.464,4,False,True
C,A,20230101,2023,52,2023,682,SAU,Saudi Arabia,X,Export,0,W00,World,0,W00,World,H6,HS,True,47,Pulp of wood or other fibrous cellulosic material; recovered (waste and scrap) paper or paperboard,2,False,C00,TOTAL CPC,0,0,TOTAL MOT,-1,N/A,0,False,-1,N/A,0,False,0,True,0,False,,41666388.825,41666388.825,4,False,True
C,A,20230101,2023,52,2023,682,SAU,Saudi Arabia,X,Export,0,W00,World,0,W00,World,H6,HS,True,88,"Aircraft, spacecraft, and parts thereof",2,False,C00,TOTAL CPC,0,0,TOTAL MOT,-1,N/A,0,False,-1,N/A,0,False,0,True,0,False,,570123039.614,570123039.614,4,False,True
C,A,20230101,2023,52,2023,682,SAU,Saudi Arabia,X,Export,0,W00,World,0,W00,World,H6,HS,True,06,"Trees and other plants, live; bulbs, roots and the like; cut flowers and ornamental foliage",2,False,C00,TOTAL CPC,0,0,TOTAL MOT,-1,N/A,0,False,-1,N/A,0,False,0,True,0,False,,6902982.227,6902982.227,4,False,True
C,A,20230101,2023,52,2023,682,SAU,Saudi Arabia,X,Export,0,W00,World,0,W00,World,H6,HS,True,09,"Coffee, tea, mate and spices",2,False,C00,TOTAL CPC,0,0,TOTAL MOT,-1,N/A,0,False,-1,N/A,0,False,0,True,0,False,,103011948.358,103011948.358,4,False,True
C,A,20230101,2023,52,2023,682,SAU,Saudi Arabia,X,Export,0,W00,World,0,W00,World,H6,HS,True,11,"Products of the milling industry; malt, starches, inulin, wheat gluten",2,False,C00,TOTAL CPC,0,0,TOTAL MOT,-1,N/A,0,False,-1,N/A,0,False,0,True,0,False,,21999810.117,21999810.117,4,False,True
C,A,20230101,2023,52,2023,682,SAU,Saudi Arabia,X,Export,0,W00,World,0,W00,World,H6,HS,True,17,Sugars and sugar confectionery,2,False,C00,TOTAL CPC,0,0,TOTAL MOT,-1,N/A,0,False,-1,N/A,0,False,0,True,0,False,,616236483.261,616236483.261,4,False,True
C,A,20230101,2023,52,2023,682,SAU,Saudi Arabia,X,Export,0,W00,World,0,W00,World,H6,HS,True,20,"Preparations of vegetables, fruit, nuts or other parts of plants",2,False,C00,TOTAL CPC,0,0,TOTAL MOT,-1,N/A,0,False,-1,N/A,0,False,0,True,0,False,,360583164.585,360583164.585,4,False,True
C,A,20230101,2023,52,2023,682,SAU,Saudi Arabia,X,Export,0,W00,World,0,W00,World,H6,HS,True,23,"Food industries, residues and wastes thereof; prepared animal fodder",2,False,C00,TOTAL CPC,0,0,TOTAL MOT,-1,N/A,0,False,-1,N/A,0,False,0,True,0,False,,77757257.789,77757257.789,4,False,True
C,A,20230101,2023,52,2023,682,SAU,Saudi Arabia,X,Export,0,W00,World,0,W00,World,H6,HS,True,34,"Soap, organic surface-active agents; washing, lubricating, polishing or scouring preparations; artificial or prepared waxes, candles and similar articles, modelling pastes, dental waxes and dental preparations with a basis of plaster",2,False,C00,TOTAL CPC,0,0,TOTAL MOT,-1,N/A,0,False,-1,N/A,0,False,0,True,0,False,,472013901.8,472013901.8,4,False,True
C,A,20230101,2023,52,2023,682,SAU,Saudi Arabia,X,Export,0,W00,World,0,W00,World,H6,HS,True,37,Photographic or cinematographic goods,2,False,C00,TOTAL CPC,0,0,TOTAL MOT,-1,N/A,0,False,-1,N/A,0,False,0,True,0,False,,3646040.709,3646040.709,4,False,True
C,A,20230101,2023,52,2023,682,SAU,Saudi Arabia,X,Export,0,W00,World,0,W00,World,H6,HS,True,46,"Manufactures of straw, esparto or other plaiting materials; basketware and wickerwork",2,False,C00,TOTAL CPC,0,0,TOTAL MOT,-1,N/A,0,False,-1,N/A,0,False,0,True,0,False,,2106067.947,2106067.947,4,False,True
C,A,20230101,2023,52,2023,682,SAU,Saudi Arabia,X,Export,0,W00,World,0,W00,World,H6,HS,True,48,"Paper and paperboard; articles of paper pulp, of paper or paperboard",2,False,C00,TOTAL CPC,0,0,TOTAL MOT,-1,N/A,0,False,-1,N/A,0,False,0,True,0,False,,623543794.811,623543794.811,4,False,True
C,A,20230101,2023,52,2023,682,SAU,Saudi Arabia,X,Export,0,W00,World,0,W00,World,H6,HS,True,52,Cotton,2,False,C00,TOTAL CPC,0,0,TOTAL MOT,-1,N/A,0,False,-1,N/A,0,False,0,True,0,False,,4294952.693,4294952.693,4,False,True
C,A,20230101,2023,52,2023,682,SAU,Saudi Arabia,X,Export,0,W00,World,0,W00,World,H6,HS,True,54,Man-made filaments; strip and the like of man-made textile materials,2,False,C00,TOTAL CPC,0,0,TOTAL MOT,-1,N/A,0,False,-1,N/A,0,False,0,True,0,False,,131915556.435,131915556.435,4,False,True
C,A,20230101,2023,52,2023,682,SAU,Saudi Arabia,X,Export,0,W00,World,0,W00,World,H6,HS,True,60,Fabrics; knitted or crocheted,2,False,C00,TOTAL CPC,0,0,TOTAL MOT,-1,N/A,0,False,-1,N/A,0,False,0,True,0,False,,7825905.938,7825905.938,4,False,True
C,A,20230101,2023,52,2023,682,SAU,Saudi Arabia,X,Export,0,W00,World,0,W00,World,H6,HS,True,63,"Textiles, made up articles; sets; worn clothing and worn textile articles; rags",2,False,C00,TOTAL CPC,0,0,TOTAL MOT,-1,N/A,0,False,-1,N/A,0,False,0,True,0,False,,64360690.124,64360690.124,4,False,True
C,A,20230101,2023,52,2023,682,SAU,Saudi Arabia,X,Export,0,W00,World,0,W00,World,H6,HS,True,66,"Umbrellas, sun umbrellas, walking-sticks, seat sticks, whips, riding crops; and parts thereof",2,False,C00,TOTAL CPC,0,0,TOTAL MOT,-1,N/A,0,False,-1,N/A,0,False,0,True,0,False,,2693276.733,2693276.733,4,False,True
C,A,20230101,2023,52,2023,682,SAU,Saudi Arabia,X,Export,0,W00,World,0,W00,World,H6,HS,True,68,"Stone, plaster, cement, asbestos, mica or similar materials; articles thereof",2,False,C00,TOTAL CPC,0,0,TOTAL MOT,-1,N/A,0,False,-1,N/A,0,False,0,True,0,False,,254444124.572,254444124.572,4,False,True
C,A,20230101,2023,52,2023,682,SAU,Saudi Arabia,X,Export,0,W00,World,0,W00,World,H6,HS,True,72,Iron and steel,2,False,C00,TOTAL CPC,0,0,TOTAL MOT,-1,N/A,0,False,-1,N/A,0,False,0,True,0,False,,1300231691.228,1300231691.228,4,False,True
C,A,20230101,2023,52,2023,682,SAU,Saudi Arabia,X,Export,0,W00,World,0,W00,World,H6,HS,True,87,"Vehicles; other than railway or tramway rolling stock, and parts and accessories thereof",2,False,C00,TOTAL CPC,0,0,TOTAL MOT,-1,N/A,0,False,-1,N/A,0,False,0,True,0,False,,1338015716.15,1338015716.15,4,False,True
C,A,20230101,2023,52,2023,682,SAU,Saudi Arabia,X,Export,0,W00,World,0,W00,World,H6,HS,True,96,Miscellaneous manufactured articles,2,False,C00,TOTAL CPC,0,0,TOTAL MOT,-1,N/A,0,False,-1,N/A,0,False,0,True,0,False,,280450563.122,280450563.122,4,False,True
C,A,20230101,2023,52,2023,682,SAU,Saudi Arabia,X,Export,0,W00,World,0,W00,World,H6,HS,True,10,Cereals,2,False,C00,TOTAL CPC,0,0,TOTAL MOT,-1,N/A,0,False,-1,N/A,0,False,0,True,0,False,,6505012.904,6505012.904,4,False,True
C,A,20230101,2023,52,2023,682,SAU,Saudi Arabia,X,Export,0,W00,World,0,W00,World,H6,HS,True,33,"Essential oils and resinoids; perfumery, cosmetic or toilet preparations",2,False,C00,TOTAL CPC,0,0,TOTAL MOT,-1,N/A,0,False,-1,N/A,0,False,0,True,0,False,,267854516.504,267854516.504,4,False,True
C,A,20230101,2023,52,2023,682,SAU,Saudi Arabia,X,Export,0,W00,World,0,W00,World,H6,HS,True,50,Silk,2,False,C00,TOTAL CPC,0,0,TOTAL MOT,-1,N/A,0,False,-1,N/A,0,False,0,True,0,False,,101596.264,101596.264,4,False,True
C,A,20230101,2023,52,2023,682,SAU,Saudi Arabia,X,Export,0,W00,World,0,W00,World,H6,HS,True,56,"Wadding, felt and nonwovens, special yarns; twine, cordage, ropes and cables and articles thereof",2,False,C00,TOTAL CPC,0,0,TOTAL MOT,-1,N/A,0,False,-1,N/A,0,False,0,True,0,False,,131067712.19,131067712.19,4,False,True
C,A,20230101,2023,52,2023,682,SAU,Saudi Arabia,X,Export,0,W00,World,0,W00,World,H6,HS,True,76,Aluminium and articles thereof,2,False,C00,TOTAL CPC,0,0,TOTAL MOT,-1,N/A,0,False,-1,N/A,0,False,0,True,0,False,,2120492229.121,2120492229.121,4,False,True
C,A,20230101,2023,52,2023,682,SAU,Saudi Arabia,X,Export,0,W00,World,0,W00,World,H6,HS,True,94,"Furniture; bedding, mattresses, mattress supports, cushions and similar stuffed furnishings; lamps and lighting fittings, n.e.c.; illuminated signs, illuminated name-plates and the like; prefabricated buildings",2,False,C00,TOTAL CPC,0,0,TOTAL MOT,-1,N/A,0,False,-1,N/A,0,False,0,True,0,False,,84632779.218,84632779.218,4,False,True
C,A,20230101,2023,52,2023,682,SAU,Saudi Arabia,X,Export,0,W00,World,0,W00,World,H6,HS,True,02,Meat and edible meat offal,2,False,C00,TOTAL CPC,0,0,TOTAL MOT,-1,N/A,0,False,-1,N/A,0,False,0,True,0,False,,204524115.687,204524115.687,4,False,True
C,A,20230101,2023,52,2023,682,SAU,Saudi Arabia,X,Export,0,W00,World,0,W00,World,H6,HS,True,16,"Meat, fish, crustaceans, molluscs or other aquatic invertebrates, or insects; preparations thereof",2,False,C00,TOTAL CPC,0,0,TOTAL MOT,-1,N/A,0,False,-1,N/A,0,False,0,True,0,False,,104469673.388,104469673.388,4,False,True
C,A,20230101,2023,52,2023,682,SAU,Saudi Arabia,X,Export,0,W00,World,0,W00,World,H6,HS,True,19,"Preparations of cereals, flour, starch or milk; pastrycooks' products",2,False,C00,TOTAL CPC,0,0,TOTAL MOT,-1,N/A,0,False,-1,N/A,0,False,0,True,0,False,,844489838.354,844489838.354,4,False,True
C,A,20230101,2023,52,2023,682,SAU,Saudi Arabia,X,Export,0,W00,World,0,W00,World,H6,HS,True,22,"Beverages, spirits and vinegar",2,False,C00,TOTAL CPC,0,0,TOTAL MOT,-1,N/A,0,False,-1,N/A,0,False,0,True,0,False,,233914204.552,233914204.552,4,False,True
C,A,20230101,2023,52,2023,682,SAU,Saudi Arabia,X,Export,0,W00,World,0,W00,World,H6,HS,True,86,"Railway, tramway locomotives, rolling-stock and parts thereof; railway or tramway track fixtures and fittings and parts thereof; mechanical (including electro-mechanical) traffic signalling equipment of all kinds",2,False,C00,TOTAL CPC,0,0,TOTAL MOT,-1,N/A,0,False,-1,N/A,0,False,0,True,0,False,,18421423.006,18421423.006,4,False,True
C,A,20230101,2023,52,2023,682,SAU,Saudi Arabia,X,Export,0,W00,World,0,W00,World,H6,HS,True,18,Cocoa and cocoa preparations,2,False,C00,TOTAL CPC,0,0,TOTAL MOT,-1,N/A,0,False,-1,N/A,0,False,0,True,0,False,,64260527.993,64260527.993,4,False,True
C,A,20230101,2023,52,2023,682,SAU,Saudi Arabia,X,Export,0,W00,World,0,W00,World,H6,HS,True,41,Raw hides and skins (other than furskins) and leather,2,False,C00,TOTAL CPC,0,0,TOTAL MOT,-1,N/A,0,False,-1,N/A,0,False,0,True,0,False,,37334166.8,37334166.8,4,False,True
C,A,20230101,2023,52,2023,682,SAU,Saudi Arabia,X,Export,0,W00,World,0,W00,World,H6,HS,True,55,Man-made staple fibres,2,False,C00,TOTAL CPC,0,0,TOTAL MOT,-1,N/A,0,False,-1,N/A,0,False,0,True,0,False,,36744508.415,36744508.415,4,False,True
C,A,20230101,2023,52,2023,682,SAU,Saudi Arabia,X,Export,0,W00,World,0,W00,World,H6,HS,True,08,"Fruit and nuts, edible; peel of citrus fruit or melons",2,False,C00,TOTAL CPC,0,0,TOTAL MOT,-1,N/A,0,False,-1,N/A,0,False,0,True,0,False,,459041300.791,459041300.791,4,False,True
C,A,20230101,2023,52,2023,682,SAU,Saudi Arabia,X,Export,0,W00,World,0,W00,World,H6,HS,True,39,Plastics and articles thereof,2,False,C00,TOTAL CPC,0,0,TOTAL MOT,-1,N/A,0,False,-1,N/A,0,False,0,True,0,False,,17425984580.084,17425984580.084,4,False,True
C,A,20230101,2023,52,2023,682,SAU,Saudi Arabia,X,Export,0,W00,World,0,W00,World,H6,HS,True,99,Commodities not specified according to kind,2,False,C00,TOTAL CPC,0,0,TOTAL MOT,-1,N/A,0,False,-1,N/A,0,False,0,False,0,False,,1276548622.811,1276548622.811,0,False,True
C,A,20230101,2023,52,2023,682,SAU,Saudi Arabia,X,Export,0,W00,World,0,W00,World,H6,HS,True,01,Animals; live,2,False,C00,TOTAL CPC,0,0,TOTAL MOT,-1,N/A,0,False,-1,N/A,0,False,,False,0,False,,74105873.614,74105873.614,0,False,True
C,A,20230101,2023,52,2023,682,SAU,Saudi Arabia,X,Export,0,W00,World,0,W00,World,H6,HS,True,07,Vegetables and certain roots and tubers; edible,2,False,C00,TOTAL CPC,0,0,TOTAL MOT,-1,N/A,0,False,-1,N/A,0,False,,False,0,False,,38210685.178,38210685.178,0,False,True
C,A,20230101,2023,52,2023,682,SAU,Saudi Arabia,X,Export,0,W00,World,0,W00,World,H6,HS,True,44,Wood and articles of wood; wood charcoal,2,False,C00,TOTAL CPC,0,0,TOTAL MOT,-1,N/A,0,False,-1,N/A,0,False,,False,0,False,,79872666.803,79872666.803,0,False,True
C,A,20230101,2023,52,2023,682,SAU,Saudi Arabia,X,Export,0,W00,World,0,W00,World,H6,HS,True,64,Footwear; gaiters and the like; parts of such articles,2,False,C00,TOTAL CPC,0,0,TOTAL MOT,-1,N/A,0,False,-1,N/A,0,False,,False,0,False,,30168020.046,30168020.046,0,False,True
C,A,20230101,2023,52,2023,682,SAU,Saudi Arabia,X,Export,0,W00,World,0,W00,World,H6,HS,True,67,"Feathers and down, prepared; and articles made of feather or of down; artificial flowers; articles of human hair",2,False,C00,TOTAL CPC,0,0,TOTAL MOT,-1,N/A,0,False,-1,N/A,0,False,,False,0,False,,1203964.503,1203964.503,0,False,True
C,A,20230101,2023,52,2023,682,SAU,Saudi Arabia,X,Export,0,W00,World,0,W00,World,H6,HS,True,85,"Electrical machinery and equipment and parts thereof; sound recorders and reproducers; television image and sound recorders and reproducers, parts and accessories of such articles",2,False,C00,TOTAL CPC,0,0,TOTAL MOT,-1,N/A,0,False,-1,N/A,0,False,,False,0,False,,4044169192.496,4044169192.496,0,False,True
C,A,20230101,2023,52,2023,682,SAU,Saudi Arabia,X,Export,0,W00,World,0,W00,World,H6,HS,True,91,Clocks and watches and parts thereof,2,False,C00,TOTAL CPC,0,0,TOTAL MOT,-1,N/A,0,False,-1,N/A,0,False,,False,0,False,,298613502.668,298613502.668,0,False,True
C,A,20230101,2023,52,2023,682,SAU,Saudi Arabia,X,Export,0,W00,World,0,W00,World,H6,HS,True,03,"Fish and crustaceans, molluscs and other aquatic invertebrates",2,False,C00,TOTAL CPC,0,0,TOTAL MOT,-1,N/A,0,False,-1,N/A,0,False,,False,0,False,,168661220.317,168661220.317,0,False,True
C,A,20230101,2023,52,2023,682,SAU,Saudi Arabia,X,Export,0,W00,World,0,W00,World,H6,HS,True,05,Animal originated products; not elsewhere specified or included,2,False,C00,TOTAL CPC,0,0,TOTAL MOT,-1,N/A,0,False,-1,N/A,0,False,,False,0,False,,307442.926,307442.926,0,False,True
C,A,20230101,2023,52,2023,682,SAU,Saudi Arabia,X,Export,0,W00,World,0,W00,World,H6,HS,True,12,"Oil seeds and oleaginous fruits; miscellaneous grains, seeds and fruit, industrial or medicinal plants; straw and fodder",2,False,C00,TOTAL CPC,0,0,TOTAL MOT,-1,N/A,0,False,-1,N/A,0,False,,False,0,False,,17114184.105,17114184.105,0,False,True
C,A,20230101,2023,52,2023,682,SAU,Saudi Arabia,X,Export,0,W00,World,0,W00,World,H6,HS,True,14,Vegetable plaiting materials; vegetable products not elsewhere specified or included,2,False,C00,TOTAL CPC,0,0,TOTAL MOT,-1,N/A,0,False,-1,N/A,0,False,,False,0,False,,75628.265,75628.265,0,False,True
C,A,20230101,2023,52,2023,682,SAU,Saudi Arabia,X,Export,0,W00,World,0,W00,World,H6,HS,True,25,"Salt; sulphur; earths, stone; plastering materials, lime and cement",2,False,C00,TOTAL CPC,0,0,TOTAL MOT,-1,N/A,0,False,-1,N/A,0,False,,False,0,False,,510093007.514,510093007.514,0,False,True
C,A,20230101,2023,52,2023,682,SAU,Saudi Arabia,X,Export,0,W00,World,0,W00,World,H6,HS,True,26,"Ores, slag and ash",2,False,C00,TOTAL CPC,0,0,TOTAL MOT,-1,N/A,0,False,-1,N/A,0,False,,False,0,False,,647278206.751,647278206.751,0,False,True
C,A,20230101,2023,52,2023,682,SAU,Saudi Arabia,X,Export,0,W00,World,0,W00,World,H6,HS,True,28,"Inorganic chemicals; organic and inorganic compounds of precious metals; of rare earth metals, of radio-active elements and of isotopes",2,False,C00,TOTAL CPC,0,0,TOTAL MOT,-1,N/A,0,False,-1,N/A,0,False,,False,0,False,,2019570690.844,2019570690.844,0,False,True
C,A,20230101,2023,52,2023,682,SAU,Saudi Arabia,X,Export,0,W00,World,0,W00,World,H6,HS,True,29,Organic chemicals,2,False,C00,TOTAL CPC,0,0,TOTAL MOT,-1,N/A,0,False,-1,N/A,0,False,,False,0,False,,11902034677.382,11902034677.382,0,False,True
C,A,20230101,2023,52,2023,682,SAU,Saudi Arabia,X,Export,0,W00,World,0,W00,World,H6,HS,True,31,Fertilizers,2,False,C00,TOTAL CPC,0,0,TOTAL MOT,-1,N/A,0,False,-1,N/A,0,False,,False,0,False,,4735633938.409,4735633938.409,0,False,True
C,A,20230101,2023,52,2023,682,SAU,Saudi Arabia,X,Export,0,W00,World,0,W00,World,H6,HS,True,32,"Tanning or dyeing extracts; tannins and their derivatives; dyes, pigments and other colouring matter; paints, varnishes; putty, other mastics; inks",2,False,C00,TOTAL CPC,0,0,TOTAL MOT,-1,N/A,0,False,-1,N/A,0,False,,False,0,False,,344718306.582,344718306.582,0,False,True
C,A,20230101,2023,52,2023,682,SAU,Saudi Arabia,X,Export,0,W00,World,0,W00,World,H6,HS,True,40,Rubber and articles thereof,2,False,C00,TOTAL CPC,0,0,TOTAL MOT,-1,N/A,0,False,-1,N/A,0,False,,False,0,False,,671135021.888,671135021.888,0,False,True
C,A,20230101,2023,52,2023,682,SAU,Saudi Arabia,X,Export,0,W00,World,0,W00,World,H6,HS,True,43,Furskins and artificial fur; manufactures thereof,2,False,C00,TOTAL CPC,0,0,TOTAL MOT,-1,N/A,0,False,-1,N/A,0,False,,False,0,False,,35575.466,35575.466,0,False,True
C,A,20230101,2023,52,2023,682,SAU,Saudi Arabia,X,Export,0,W00,World,0,W00,World,H6,HS,True,45,Cork and articles of cork,2,False,C00,TOTAL CPC,0,0,TOTAL MOT,-1,N/A,0,False,-1,N/A,0,False,,False,0,False,,15441487.081,15441487.081,0,False,True
C,A,20230101,2023,52,2023,682,SAU,Saudi Arabia,X,Export,0,W00,World,0,W00,World,H6,HS,True,49,"Printed books, newspapers, pictures and other products of the printing industry; manuscripts, typescripts and plans",2,False,C00,TOTAL CPC,0,0,TOTAL MOT,-1,N/A,0,False,-1,N/A,0,False,,False,0,False,,16915493.71,16915493.71,0,False,True
C,A,20230101,2023,52,2023,682,SAU,Saudi Arabia,X,Export,0,W00,World,0,W00,World,H6,HS,True,51,"Wool, fine or coarse animal hair; horsehair yarn and woven fabric",2,False,C00,TOTAL CPC,0,0,TOTAL MOT,-1,N/A,0,False,-1,N/A,0,False,,False,0,False,,2441979.406,2441979.406,0,False,True
C,A,20230101,2023,52,2023,682,SAU,Saudi Arabia,X,Export,0,W00,World,0,W00,World,H6,HS,True,57,Carpets and other textile floor coverings,2,False,C00,TOTAL CPC,0,0,TOTAL MOT,-1,N/A,0,False,-1,N/A,0,False,,False,0,False,,63211767.22,63211767.22,0,False,True
C,A,20230101,2023,52,2023,682,SAU,Saudi Arabia,X,Export,0,W00,World,0,W00,World,H6,HS,True,65,Headgear and parts thereof,2,False,C00,TOTAL CPC,0,0,TOTAL MOT,-1,N/A,0,False,-1,N/A,0,False,,False,0,False,,4142978.563,4142978.563,0,False,True
C,A,20230101,2023,52,2023,682,SAU,Saudi Arabia,X,Export,0,W00,World,0,W00,World,H6,HS,True,69,Ceramic products,2,False,C00,TOTAL CPC,0,0,TOTAL MOT,-1,N/A,0,False,-1,N/A,0,False,,False,0,False,,120767471.914,120767471.914,0,False,True
C,A,20230101,2023,52,2023,682,SAU,Saudi Arabia,X,Export,0,W00,World,0,W00,World,H6,HS,True,71,"Natural, cultured pearls; precious, semi-precious stones; precious metals, metals clad with precious metal, and articles thereof; imitation jewellery; coin",2,False,C00,TOTAL CPC,0,0,TOTAL MOT,-1,N/A,0,False,-1,N/A,0,False,,False,0,False,,2539155948.788,2539155948.788,0,False,True
C,A,20230101,2023,52,2023,682,SAU,Saudi Arabia,X,Export,0,W00,World,0,W00,World,H6,HS,True,74,Copper and articles thereof,2,False,C00,TOTAL CPC,0,0,TOTAL MOT,-1,N/A,0,False,-1,N/A,0,False,,False,0,False,,1515447537.047,1515447537.047,0,False,True
C,A,20230101,2023,52,2023,682,SAU,Saudi Arabia,X,Export,0,W00,World,0,W00,World,H6,HS,True,75,Nickel and articles thereof,2,False,C00,TOTAL CPC,0,0,TOTAL MOT,-1,N/A,0,False,-1,N/A,0,False,,False,0,False,,87175060.487,87175060.487,0,False,True
C,A,20230101,2023,52,2023,682,SAU,Saudi Arabia,X,Export,0,W00,World,0,W00,World,H6,HS,True,78,Lead and articles thereof,2,False,C00,TOTAL CPC,0,0,TOTAL MOT,-1,N/A,0,False,-1,N/A,0,False,,False,0,False,,113367308.899,113367308.899,0,False,True
C,A,20230101,2023,52,2023,682,SAU,Saudi Arabia,X,Export,0,W00,World,0,W00,World,H6,HS,True,81,"Metals; n.e.c., cermets and articles thereof",2,False,C00,TOTAL CPC,0,0,TOTAL MOT,-1,N/A,0,False,-1,N/A,0,False,,False,0,False,,109235630.602,109235630.602,0,False,True
C,A,20230101,2023,52,2023,682,SAU,Saudi Arabia,X,Export,0,W00,World,0,W00,World,H6,HS,True,84,"Machinery and mechanical appliances, boilers, nuclear reactors; parts thereof",2,False,C00,TOTAL CPC,0,0,TOTAL MOT,-1,N/A,0,False,-1,N/A,0,False,,False,0,False,,2336599679.185,2336599679.185,0,False,True
C,A,20230101,2023,52,2023,682,SAU,Saudi Arabia,X,Export,0,W00,World,0,W00,World,H6,HS,True,89,"Ships, boats and floating structures",2,False,C00,TOTAL CPC,0,0,TOTAL MOT,-1,N/A,0,False,-1,N/A,0,False,,False,0,False,,5231921188.135,5231921188.135,0,False,True
C,A,20230101,2023,52,2023,682,SAU,Saudi Arabia,X,Export,0,W00,World,0,W00,World,H6,HS,True,90,"Optical, photographic, cinematographic, measuring, checking, medical or surgical instruments and apparatus; parts and accessories",2,False,C00,TOTAL CPC,0,0,TOTAL MOT,-1,N/A,0,False,-1,N/A,0,False,,False,0,False,,292895444.144,292895444.144,0,False,True
C,A,20230101,2023,52,2023,682,SAU,Saudi Arabia,X,Export,0,W00,World,0,W00,World,H6,HS,True,92,Musical instruments; parts and accessories of such articles,2,False,C00,TOTAL CPC,0,0,TOTAL MOT,-1,N/A,0,False,-1,N/A,0,False,,False,0,False,,2523361.804,2523361.804,0,False,True
C,A,20230101,2023,52,2023,682,SAU,Saudi Arabia,X,Export,0,W00,World,0,W00,World,H6,HS,True,95,"Toys, games and sports requisites; parts and accessories thereof",2,False,C00,TOTAL CPC,0,0,TOTAL MOT,-1,N/A,0,False,-1,N/A,0,False,,False,0,False,,238665890.567,238665890.567,0,False,True
C,A,20230101,2023,52,2023,682,SAU,Saudi Arabia,X,Export,0,W00,World,0,W00,World,H6,HS,True,13,"Lac; gums, resins and other vegetable saps and extracts",2,False,C00,TOTAL CPC,0,0,TOTAL MOT,-1,N/A,0,False,-1,N/A,0,False,,False,0,False,,8333340.325,8333340.325,0,False,True
C,A,20230101,2023,52,2023,682,SAU,Saudi Arabia,X,Export,0,W00,World,0,W00,World,H6,HS,True,30,Pharmaceutical products,2,False,C00,TOTAL CPC,0,0,TOTAL MOT,-1,N/A,0,False,-1,N/A,0,False,,False,0,False,,556598637.018,556598637.018,0,False,True
C,A,20230101,2023,52,2023,682,SAU,Saudi Arabia,X,Export,0,W00,World,0,W00,World,H6,HS,True,36,Explosives; pyrotechnic products; matches; pyrophoric alloys; certain combustible preparations,2,False,C00,TOTAL CPC,0,0,TOTAL MOT,-1,N/A,0,False,-1,N/A,0,False,,False,0,False,,1648550.092,1648550.092,0,False,True
C,A,20230101,2023,52,2023,682,SAU,Saudi Arabia,X,Export,0,W00,World,0,W00,World,H6,HS,True,53,Vegetable textile fibres; paper yarn and woven fabrics of paper yarn,2,False,C00,TOTAL CPC,0,0,TOTAL MOT,-1,N/A,0,False,-1,N/A,0,False,,False,0,False,,329287.725,329287.725,0,False,True
C,A,20230101,2023,52,2023,682,SAU,Saudi Arabia,X,Export,0,W00,World,0,W00,World,H6,HS,True,70,Glass and glassware,2,False,C00,TOTAL CPC,0,0,TOTAL MOT,-1,N/A,0,False,-1,N/A,0,False,,False,0,False,,315096010.789,315096010.789,0,False,True
C,A,20230101,2023,52,2023,682,SAU,Saudi Arabia,X,Export,0,W00,World,0,W00,World,H6,HS,True,73,Iron or steel articles,2,False,C00,TOTAL CPC,0,0,TOTAL MOT,-1,N/A,0,False,-1,N/A,0,False,,False,0,False,,903768182.739,903768182.739,0,False,True
C,A,20230101,2023,52,2023,682,SAU,Saudi Arabia,X,Export,0,W00,World,0,W00,World,H6,HS,True,97,Works of art; collectors' pieces and antiques,2,False,C00,TOTAL CPC,0,0,TOTAL MOT,-1,N/A,0,False,-1,N/A,0,False,,False,0,False,,368704272.382,368704272.382,0,False,True
C,A,20230101,2023,52,2023,682,SAU,Saudi Arabia,X,Export,0,W00,World,0,W00,World,H6,HS,True,42,"Articles of leather; saddlery and harness; travel goods, handbags and similar containers; articles of animal gut (other than silk-worm gut)",2,False,C00,TOTAL CPC,0,0,TOTAL MOT,-1,N/A,0,False,-1,N/A,0,False,,False,0,False,,25896228.419,25896228.419,0,False,True
C,A,20230101,2023,52,2023,682,SAU,Saudi Arabia,X,Export,0,W00,World,0,W00,World,H6,HS,True,59,"Textile fabrics; impregnated, coated, covered or laminated; textile articles of a kind suitable for industrial use",2,False,C00,TOTAL CPC,0,0,TOTAL MOT,-1,N/A,0,False,-1,N/A,0,False,,False,0,False,,8779029.114,8779029.114,0,False,True
C,A,20230101,2023,52,2023,682,SAU,Saudi Arabia,X,Export,0,W00,World,0,W00,World,H6,HS,True,62,Apparel and clothing accessories; not knitted or crocheted,2,False,C00,TOTAL CPC,0,0,TOTAL MOT,-1,N/A,0,False,-1,N/A,0,False,,False,0,False,,136967169.109,136967169.109,0,False,True
C,A,20230101,2023,52,2023,682,SAU,Saudi Arabia,X,Export,0,W00,World,0,W00,World,H6,HS,True,80,Tin; articles thereof,2,False,C00,TOTAL CPC,0,0,TOTAL MOT,-1,N/A,0,False,-1,N/A,0,False,,False,0,False,,12346994.358,12346994.358,0,False,True
C,A,20230101,2023,52,2023,682,SAU,Saudi Arabia,X,Export,0,W00,World,0,W00,World,H6,HS,True,83,Metal; miscellaneous products of base metal,2,False,C00,TOTAL CPC,0,0,TOTAL MOT,-1,N/A,0,False,-1,N/A,0,False,,False,0,False,,111790066.005,111790066.005,0,False,True
C,A,20230101,2023,52,2023,682,SAU,Saudi Arabia,X,Export,0,W00,World,0,W00,World,H6,HS,True,15,"Animal, vegetable or microbial fats and oils and their cleavage products; prepared edible fats; animal or vegetable waxes",2,False,C00,TOTAL CPC,0,0,TOTAL MOT,-1,N/A,0,False,-1,N/A,0,False,,False,0,False,,389922996.385,389922996.385,0,False,True
C,A,20230101,2023,52,2023,682,SAU,Saudi Arabia,X,Export,0,W00,World,0,W00,World,H6,HS,True,35,Albuminoidal substances; modified starches; glues; enzymes,2,False,C00,TOTAL CPC,0,0,TOTAL MOT,-1,N/A,0,False,-1,N/A,0,False,,False,0,False,,71415981.681,71415981.681,0,False,True
C,A,20230101,2023,52,2023,682,SAU,Saudi Arabia,X,Export,0,W00,World,0,W00,World,H6,HS,True,38,Chemical products n.e.c.,2,False,C00,TOTAL CPC,0,0,TOTAL MOT,-1,N/A,0,False,-1,N/A,0,False,,False,0,False,,1182652693.367,1182652693.367,0,False,True
C,A,20230101,2023,52,2023,682,SAU,Saudi Arabia,X,Export,0,W00,World,0,W00,World,H6,HS,True,58,"Fabrics; special woven fabrics, tufted textile fabrics, lace, tapestries, trimmings, embroidery",2,False,C00,TOTAL CPC,0,0,TOTAL MOT,-1,N/A,0,False,-1,N/A,0,False,,False,0,False,,2249604.21,2249604.21,0,False,True
C,A,20230101,2023,52,2023,682,SAU,Saudi Arabia,X,Export,0,W00,World,0,W00,World,H6,HS,True,61,Apparel and clothing accessories; knitted or crocheted,2,False,C00,TOTAL CPC,0,0,TOTAL MOT,-1,N/A,0,False,-1,N/A,0,False,,False,0,False,,49348373.433,49348373.433,0,False,True
C,A,20230101,2023,52,2023,682,SAU,Saudi Arabia,X,Export,0,W00,World,0,W00,World,H6,HS,True,79,Zinc and articles thereof,2,False,C00,TOTAL CPC,0,0,TOTAL MOT,-1,N/A,0,False,-1,N/A,0,False,,False,0,False,,46926538.827,46926538.827,0,False,True
C,A,20230101,2023,52,2023,682,SAU,Saudi Arabia,X,Export,0,W00,World,0,W00,World,H6,HS,True,82,"Tools, implements, cutlery, spoons and forks, of base metal; parts thereof, of base metal",2,False,C00,TOTAL CPC,0,0,TOTAL MOT,-1,N/A,0,False,-1,N/A,0,False,,False,0,False,,127596308.543,127596308.543,0,False,True
